AccNo	A	R	N	D	C	Q	E	G	H	I	L	K	M	F	P	S	T	W	Y	V
EISD840101	0.25	-1.76	-0.64	-0.72	0.04	-0.69	-0.62	0.16	-0.40	0.73	0.53	-1.10	0.26	0.61	-0.07	-0.26	-0.18	0.37	0.02	0.54
HOPT810101	-0.5	3.0	0.2	3.0	-1.0	0.2	3.0	0.0	-0.5	-1.8	-1.8	3.0	-1.3	-2.5	0.0	0.3	-0.4	-3.4	-2.3	-1.5
CHAM810101	0.52	0.68	0.76	0.76	0.62	0.68	0.68	0.00	0.70	1.02	0.98	0.68	0.78	0.70	0.36	0.53	0.50	0.70	0.70	0.76
EISD860101	0.67	-2.1	-0.6	-1.2	0.38	-0.22	-0.76	0.	0.64	1.9	1.9	-0.57	2.4	2.3	1.2	0.01	0.52	2.6	1.6	1.5	
KYTJ820101	1.8	-4.5	-3.5	-3.5	2.5	-3.5	-3.5	-0.4	-3.2	4.5	3.8	-3.9	1.9	2.8	-1.6	-0.8	-0.7	-0.9	-1.3	4.2
MITS020101	0	2.45	0	0	0	1.25	1.27	0	1.45	0	0	3.67	0	0	0	0	0	6.93	5.06	0
DAWD720101	2.5	7.5	5.0	2.5	3.0	6.0	5.0	0.5	6.0	5.5	5.5	7.0	6.0	6.5	5.5	3.0	5.0	7.0	7.0	5.0
GRAR740102	8.1	10.5	11.6	13.0	5.5	10.5	12.3	9.0	10.4	5.2	4.9	11.3	5.7	5.2	8.0	9.2	8.6	5.4	6.2	5.9
BIGC670101	52.6	109.1	75.7	68.4	68.3	89.7	84.7	36.3	91.9	102.0	102.0	105.1	97.7	113.9	73.6	54.9	71.2	135.4	116.2	85.1
